{
 "cells": [
  {
   "cell_type": "code",
   "execution_count": 10,
   "metadata": {},
   "outputs": [],
   "source": [
    "import pandas as pd\n",
    "import numpy as np\n",
    "import matplotlib.pyplot as plt\n",
    "import seaborn as sns"
   ]
  },
  {
   "cell_type": "code",
   "execution_count": 11,
   "metadata": {},
   "outputs": [],
   "source": [
    "from sklearn import preprocessing\n",
    "from sklearn.model_selection import train_test_split"
   ]
  },
  {
   "cell_type": "code",
   "execution_count": 12,
   "metadata": {},
   "outputs": [],
   "source": [
    "dfg = pd.read_csv('wat-out-good-time_router.csv')\n",
    "dfm = pd.read_csv('wat-out-mal-time_router.csv')"
   ]
  },
  {
   "cell_type": "code",
   "execution_count": 13,
   "metadata": {},
   "outputs": [
    {
     "data": {
      "text/html": [
       "<div>\n",
       "<style scoped>\n",
       "    .dataframe tbody tr th:only-of-type {\n",
       "        vertical-align: middle;\n",
       "    }\n",
       "\n",
       "    .dataframe tbody tr th {\n",
       "        vertical-align: top;\n",
       "    }\n",
       "\n",
       "    .dataframe thead th {\n",
       "        text-align: right;\n",
       "    }\n",
       "</style>\n",
       "<table border=\"1\" class=\"dataframe\">\n",
       "  <thead>\n",
       "    <tr style=\"text-align: right;\">\n",
       "      <th></th>\n",
       "      <th>time</th>\n",
       "      <th>router</th>\n",
       "      <th>target</th>\n",
       "    </tr>\n",
       "  </thead>\n",
       "  <tbody>\n",
       "    <tr>\n",
       "      <td>0</td>\n",
       "      <td>7</td>\n",
       "      <td>0</td>\n",
       "      <td>1</td>\n",
       "    </tr>\n",
       "    <tr>\n",
       "      <td>1</td>\n",
       "      <td>11</td>\n",
       "      <td>1</td>\n",
       "      <td>1</td>\n",
       "    </tr>\n",
       "    <tr>\n",
       "      <td>2</td>\n",
       "      <td>15</td>\n",
       "      <td>2</td>\n",
       "      <td>1</td>\n",
       "    </tr>\n",
       "    <tr>\n",
       "      <td>3</td>\n",
       "      <td>19</td>\n",
       "      <td>3</td>\n",
       "      <td>1</td>\n",
       "    </tr>\n",
       "    <tr>\n",
       "      <td>4</td>\n",
       "      <td>23</td>\n",
       "      <td>7</td>\n",
       "      <td>1</td>\n",
       "    </tr>\n",
       "    <tr>\n",
       "      <td>...</td>\n",
       "      <td>...</td>\n",
       "      <td>...</td>\n",
       "      <td>...</td>\n",
       "    </tr>\n",
       "    <tr>\n",
       "      <td>245671</td>\n",
       "      <td>3152973</td>\n",
       "      <td>0</td>\n",
       "      <td>1</td>\n",
       "    </tr>\n",
       "    <tr>\n",
       "      <td>245672</td>\n",
       "      <td>3152974</td>\n",
       "      <td>0</td>\n",
       "      <td>1</td>\n",
       "    </tr>\n",
       "    <tr>\n",
       "      <td>245673</td>\n",
       "      <td>3152975</td>\n",
       "      <td>0</td>\n",
       "      <td>1</td>\n",
       "    </tr>\n",
       "    <tr>\n",
       "      <td>245674</td>\n",
       "      <td>3152975</td>\n",
       "      <td>4</td>\n",
       "      <td>1</td>\n",
       "    </tr>\n",
       "    <tr>\n",
       "      <td>245675</td>\n",
       "      <td>3152979</td>\n",
       "      <td>0</td>\n",
       "      <td>1</td>\n",
       "    </tr>\n",
       "  </tbody>\n",
       "</table>\n",
       "<p>245676 rows × 3 columns</p>\n",
       "</div>"
      ],
      "text/plain": [
       "           time  router  target\n",
       "0             7       0       1\n",
       "1            11       1       1\n",
       "2            15       2       1\n",
       "3            19       3       1\n",
       "4            23       7       1\n",
       "...         ...     ...     ...\n",
       "245671  3152973       0       1\n",
       "245672  3152974       0       1\n",
       "245673  3152975       0       1\n",
       "245674  3152975       4       1\n",
       "245675  3152979       0       1\n",
       "\n",
       "[245676 rows x 3 columns]"
      ]
     },
     "execution_count": 13,
     "metadata": {},
     "output_type": "execute_result"
    }
   ],
   "source": [
    "dfg"
   ]
  },
  {
   "cell_type": "code",
   "execution_count": 14,
   "metadata": {},
   "outputs": [
    {
     "data": {
      "text/html": [
       "<div>\n",
       "<style scoped>\n",
       "    .dataframe tbody tr th:only-of-type {\n",
       "        vertical-align: middle;\n",
       "    }\n",
       "\n",
       "    .dataframe tbody tr th {\n",
       "        vertical-align: top;\n",
       "    }\n",
       "\n",
       "    .dataframe thead th {\n",
       "        text-align: right;\n",
       "    }\n",
       "</style>\n",
       "<table border=\"1\" class=\"dataframe\">\n",
       "  <thead>\n",
       "    <tr style=\"text-align: right;\">\n",
       "      <th></th>\n",
       "      <th>time</th>\n",
       "      <th>router</th>\n",
       "      <th>target</th>\n",
       "    </tr>\n",
       "  </thead>\n",
       "  <tbody>\n",
       "    <tr>\n",
       "      <td>0</td>\n",
       "      <td>7</td>\n",
       "      <td>0</td>\n",
       "      <td>0</td>\n",
       "    </tr>\n",
       "    <tr>\n",
       "      <td>1</td>\n",
       "      <td>7</td>\n",
       "      <td>1</td>\n",
       "      <td>0</td>\n",
       "    </tr>\n",
       "    <tr>\n",
       "      <td>2</td>\n",
       "      <td>11</td>\n",
       "      <td>5</td>\n",
       "      <td>0</td>\n",
       "    </tr>\n",
       "    <tr>\n",
       "      <td>3</td>\n",
       "      <td>11</td>\n",
       "      <td>1</td>\n",
       "      <td>0</td>\n",
       "    </tr>\n",
       "    <tr>\n",
       "      <td>4</td>\n",
       "      <td>15</td>\n",
       "      <td>2</td>\n",
       "      <td>0</td>\n",
       "    </tr>\n",
       "    <tr>\n",
       "      <td>...</td>\n",
       "      <td>...</td>\n",
       "      <td>...</td>\n",
       "      <td>...</td>\n",
       "    </tr>\n",
       "    <tr>\n",
       "      <td>258120</td>\n",
       "      <td>3150824</td>\n",
       "      <td>5</td>\n",
       "      <td>0</td>\n",
       "    </tr>\n",
       "    <tr>\n",
       "      <td>258121</td>\n",
       "      <td>3150825</td>\n",
       "      <td>13</td>\n",
       "      <td>0</td>\n",
       "    </tr>\n",
       "    <tr>\n",
       "      <td>258122</td>\n",
       "      <td>3150827</td>\n",
       "      <td>1</td>\n",
       "      <td>0</td>\n",
       "    </tr>\n",
       "    <tr>\n",
       "      <td>258123</td>\n",
       "      <td>3150828</td>\n",
       "      <td>9</td>\n",
       "      <td>0</td>\n",
       "    </tr>\n",
       "    <tr>\n",
       "      <td>258124</td>\n",
       "      <td>3150830</td>\n",
       "      <td>0</td>\n",
       "      <td>0</td>\n",
       "    </tr>\n",
       "  </tbody>\n",
       "</table>\n",
       "<p>258125 rows × 3 columns</p>\n",
       "</div>"
      ],
      "text/plain": [
       "           time  router  target\n",
       "0             7       0       0\n",
       "1             7       1       0\n",
       "2            11       5       0\n",
       "3            11       1       0\n",
       "4            15       2       0\n",
       "...         ...     ...     ...\n",
       "258120  3150824       5       0\n",
       "258121  3150825      13       0\n",
       "258122  3150827       1       0\n",
       "258123  3150828       9       0\n",
       "258124  3150830       0       0\n",
       "\n",
       "[258125 rows x 3 columns]"
      ]
     },
     "execution_count": 14,
     "metadata": {},
     "output_type": "execute_result"
    }
   ],
   "source": [
    "dfm"
   ]
  },
  {
   "cell_type": "code",
   "execution_count": 15,
   "metadata": {},
   "outputs": [],
   "source": [
    "df = dfg.append(dfm, ignore_index=True)\n",
    "df = df.sort_values('time')"
   ]
  },
  {
   "cell_type": "code",
   "execution_count": 16,
   "metadata": {},
   "outputs": [
    {
     "data": {
      "text/html": [
       "<div>\n",
       "<style scoped>\n",
       "    .dataframe tbody tr th:only-of-type {\n",
       "        vertical-align: middle;\n",
       "    }\n",
       "\n",
       "    .dataframe tbody tr th {\n",
       "        vertical-align: top;\n",
       "    }\n",
       "\n",
       "    .dataframe thead th {\n",
       "        text-align: right;\n",
       "    }\n",
       "</style>\n",
       "<table border=\"1\" class=\"dataframe\">\n",
       "  <thead>\n",
       "    <tr style=\"text-align: right;\">\n",
       "      <th></th>\n",
       "      <th>time</th>\n",
       "      <th>target</th>\n",
       "      <th>router_0</th>\n",
       "      <th>router_1</th>\n",
       "      <th>router_2</th>\n",
       "      <th>router_3</th>\n",
       "      <th>router_4</th>\n",
       "      <th>router_5</th>\n",
       "      <th>router_6</th>\n",
       "      <th>router_7</th>\n",
       "      <th>router_8</th>\n",
       "      <th>router_9</th>\n",
       "      <th>router_10</th>\n",
       "      <th>router_11</th>\n",
       "      <th>router_12</th>\n",
       "      <th>router_13</th>\n",
       "      <th>router_14</th>\n",
       "      <th>router_15</th>\n",
       "    </tr>\n",
       "  </thead>\n",
       "  <tbody>\n",
       "    <tr>\n",
       "      <td>0</td>\n",
       "      <td>7</td>\n",
       "      <td>1</td>\n",
       "      <td>1</td>\n",
       "      <td>0</td>\n",
       "      <td>0</td>\n",
       "      <td>0</td>\n",
       "      <td>0</td>\n",
       "      <td>0</td>\n",
       "      <td>0</td>\n",
       "      <td>0</td>\n",
       "      <td>0</td>\n",
       "      <td>0</td>\n",
       "      <td>0</td>\n",
       "      <td>0</td>\n",
       "      <td>0</td>\n",
       "      <td>0</td>\n",
       "      <td>0</td>\n",
       "      <td>0</td>\n",
       "    </tr>\n",
       "    <tr>\n",
       "      <td>1</td>\n",
       "      <td>7</td>\n",
       "      <td>0</td>\n",
       "      <td>0</td>\n",
       "      <td>1</td>\n",
       "      <td>0</td>\n",
       "      <td>0</td>\n",
       "      <td>0</td>\n",
       "      <td>0</td>\n",
       "      <td>0</td>\n",
       "      <td>0</td>\n",
       "      <td>0</td>\n",
       "      <td>0</td>\n",
       "      <td>0</td>\n",
       "      <td>0</td>\n",
       "      <td>0</td>\n",
       "      <td>0</td>\n",
       "      <td>0</td>\n",
       "      <td>0</td>\n",
       "    </tr>\n",
       "    <tr>\n",
       "      <td>2</td>\n",
       "      <td>7</td>\n",
       "      <td>0</td>\n",
       "      <td>1</td>\n",
       "      <td>0</td>\n",
       "      <td>0</td>\n",
       "      <td>0</td>\n",
       "      <td>0</td>\n",
       "      <td>0</td>\n",
       "      <td>0</td>\n",
       "      <td>0</td>\n",
       "      <td>0</td>\n",
       "      <td>0</td>\n",
       "      <td>0</td>\n",
       "      <td>0</td>\n",
       "      <td>0</td>\n",
       "      <td>0</td>\n",
       "      <td>0</td>\n",
       "      <td>0</td>\n",
       "    </tr>\n",
       "    <tr>\n",
       "      <td>3</td>\n",
       "      <td>11</td>\n",
       "      <td>0</td>\n",
       "      <td>0</td>\n",
       "      <td>0</td>\n",
       "      <td>0</td>\n",
       "      <td>0</td>\n",
       "      <td>0</td>\n",
       "      <td>1</td>\n",
       "      <td>0</td>\n",
       "      <td>0</td>\n",
       "      <td>0</td>\n",
       "      <td>0</td>\n",
       "      <td>0</td>\n",
       "      <td>0</td>\n",
       "      <td>0</td>\n",
       "      <td>0</td>\n",
       "      <td>0</td>\n",
       "      <td>0</td>\n",
       "    </tr>\n",
       "    <tr>\n",
       "      <td>4</td>\n",
       "      <td>11</td>\n",
       "      <td>0</td>\n",
       "      <td>0</td>\n",
       "      <td>1</td>\n",
       "      <td>0</td>\n",
       "      <td>0</td>\n",
       "      <td>0</td>\n",
       "      <td>0</td>\n",
       "      <td>0</td>\n",
       "      <td>0</td>\n",
       "      <td>0</td>\n",
       "      <td>0</td>\n",
       "      <td>0</td>\n",
       "      <td>0</td>\n",
       "      <td>0</td>\n",
       "      <td>0</td>\n",
       "      <td>0</td>\n",
       "      <td>0</td>\n",
       "    </tr>\n",
       "    <tr>\n",
       "      <td>...</td>\n",
       "      <td>...</td>\n",
       "      <td>...</td>\n",
       "      <td>...</td>\n",
       "      <td>...</td>\n",
       "      <td>...</td>\n",
       "      <td>...</td>\n",
       "      <td>...</td>\n",
       "      <td>...</td>\n",
       "      <td>...</td>\n",
       "      <td>...</td>\n",
       "      <td>...</td>\n",
       "      <td>...</td>\n",
       "      <td>...</td>\n",
       "      <td>...</td>\n",
       "      <td>...</td>\n",
       "      <td>...</td>\n",
       "      <td>...</td>\n",
       "      <td>...</td>\n",
       "    </tr>\n",
       "    <tr>\n",
       "      <td>503796</td>\n",
       "      <td>3152973</td>\n",
       "      <td>1</td>\n",
       "      <td>1</td>\n",
       "      <td>0</td>\n",
       "      <td>0</td>\n",
       "      <td>0</td>\n",
       "      <td>0</td>\n",
       "      <td>0</td>\n",
       "      <td>0</td>\n",
       "      <td>0</td>\n",
       "      <td>0</td>\n",
       "      <td>0</td>\n",
       "      <td>0</td>\n",
       "      <td>0</td>\n",
       "      <td>0</td>\n",
       "      <td>0</td>\n",
       "      <td>0</td>\n",
       "      <td>0</td>\n",
       "    </tr>\n",
       "    <tr>\n",
       "      <td>503797</td>\n",
       "      <td>3152974</td>\n",
       "      <td>1</td>\n",
       "      <td>1</td>\n",
       "      <td>0</td>\n",
       "      <td>0</td>\n",
       "      <td>0</td>\n",
       "      <td>0</td>\n",
       "      <td>0</td>\n",
       "      <td>0</td>\n",
       "      <td>0</td>\n",
       "      <td>0</td>\n",
       "      <td>0</td>\n",
       "      <td>0</td>\n",
       "      <td>0</td>\n",
       "      <td>0</td>\n",
       "      <td>0</td>\n",
       "      <td>0</td>\n",
       "      <td>0</td>\n",
       "    </tr>\n",
       "    <tr>\n",
       "      <td>503798</td>\n",
       "      <td>3152975</td>\n",
       "      <td>1</td>\n",
       "      <td>1</td>\n",
       "      <td>0</td>\n",
       "      <td>0</td>\n",
       "      <td>0</td>\n",
       "      <td>0</td>\n",
       "      <td>0</td>\n",
       "      <td>0</td>\n",
       "      <td>0</td>\n",
       "      <td>0</td>\n",
       "      <td>0</td>\n",
       "      <td>0</td>\n",
       "      <td>0</td>\n",
       "      <td>0</td>\n",
       "      <td>0</td>\n",
       "      <td>0</td>\n",
       "      <td>0</td>\n",
       "    </tr>\n",
       "    <tr>\n",
       "      <td>503799</td>\n",
       "      <td>3152975</td>\n",
       "      <td>1</td>\n",
       "      <td>0</td>\n",
       "      <td>0</td>\n",
       "      <td>0</td>\n",
       "      <td>0</td>\n",
       "      <td>1</td>\n",
       "      <td>0</td>\n",
       "      <td>0</td>\n",
       "      <td>0</td>\n",
       "      <td>0</td>\n",
       "      <td>0</td>\n",
       "      <td>0</td>\n",
       "      <td>0</td>\n",
       "      <td>0</td>\n",
       "      <td>0</td>\n",
       "      <td>0</td>\n",
       "      <td>0</td>\n",
       "    </tr>\n",
       "    <tr>\n",
       "      <td>503800</td>\n",
       "      <td>3152979</td>\n",
       "      <td>1</td>\n",
       "      <td>1</td>\n",
       "      <td>0</td>\n",
       "      <td>0</td>\n",
       "      <td>0</td>\n",
       "      <td>0</td>\n",
       "      <td>0</td>\n",
       "      <td>0</td>\n",
       "      <td>0</td>\n",
       "      <td>0</td>\n",
       "      <td>0</td>\n",
       "      <td>0</td>\n",
       "      <td>0</td>\n",
       "      <td>0</td>\n",
       "      <td>0</td>\n",
       "      <td>0</td>\n",
       "      <td>0</td>\n",
       "    </tr>\n",
       "  </tbody>\n",
       "</table>\n",
       "<p>503801 rows × 18 columns</p>\n",
       "</div>"
      ],
      "text/plain": [
       "           time  target  router_0  router_1  router_2  router_3  router_4  \\\n",
       "0             7       1         1         0         0         0         0   \n",
       "1             7       0         0         1         0         0         0   \n",
       "2             7       0         1         0         0         0         0   \n",
       "3            11       0         0         0         0         0         0   \n",
       "4            11       0         0         1         0         0         0   \n",
       "...         ...     ...       ...       ...       ...       ...       ...   \n",
       "503796  3152973       1         1         0         0         0         0   \n",
       "503797  3152974       1         1         0         0         0         0   \n",
       "503798  3152975       1         1         0         0         0         0   \n",
       "503799  3152975       1         0         0         0         0         1   \n",
       "503800  3152979       1         1         0         0         0         0   \n",
       "\n",
       "        router_5  router_6  router_7  router_8  router_9  router_10  \\\n",
       "0              0         0         0         0         0          0   \n",
       "1              0         0         0         0         0          0   \n",
       "2              0         0         0         0         0          0   \n",
       "3              1         0         0         0         0          0   \n",
       "4              0         0         0         0         0          0   \n",
       "...          ...       ...       ...       ...       ...        ...   \n",
       "503796         0         0         0         0         0          0   \n",
       "503797         0         0         0         0         0          0   \n",
       "503798         0         0         0         0         0          0   \n",
       "503799         0         0         0         0         0          0   \n",
       "503800         0         0         0         0         0          0   \n",
       "\n",
       "        router_11  router_12  router_13  router_14  router_15  \n",
       "0               0          0          0          0          0  \n",
       "1               0          0          0          0          0  \n",
       "2               0          0          0          0          0  \n",
       "3               0          0          0          0          0  \n",
       "4               0          0          0          0          0  \n",
       "...           ...        ...        ...        ...        ...  \n",
       "503796          0          0          0          0          0  \n",
       "503797          0          0          0          0          0  \n",
       "503798          0          0          0          0          0  \n",
       "503799          0          0          0          0          0  \n",
       "503800          0          0          0          0          0  \n",
       "\n",
       "[503801 rows x 18 columns]"
      ]
     },
     "execution_count": 16,
     "metadata": {},
     "output_type": "execute_result"
    }
   ],
   "source": [
    "df=pd.get_dummies(df, prefix=['router'], columns=['router'])\n",
    "df.to_csv('wat-time-router-sep.csv',index=False)\n",
    "df = pd.read_csv(\"wat-time-router-sep.csv\")\n",
    "df"
   ]
  },
  {
   "cell_type": "code",
   "execution_count": 17,
   "metadata": {},
   "outputs": [
    {
     "data": {
      "text/html": [
       "<div>\n",
       "<style scoped>\n",
       "    .dataframe tbody tr th:only-of-type {\n",
       "        vertical-align: middle;\n",
       "    }\n",
       "\n",
       "    .dataframe tbody tr th {\n",
       "        vertical-align: top;\n",
       "    }\n",
       "\n",
       "    .dataframe thead th {\n",
       "        text-align: right;\n",
       "    }\n",
       "</style>\n",
       "<table border=\"1\" class=\"dataframe\">\n",
       "  <thead>\n",
       "    <tr style=\"text-align: right;\">\n",
       "      <th></th>\n",
       "      <th>time</th>\n",
       "      <th>target</th>\n",
       "      <th>router_0</th>\n",
       "      <th>router_1</th>\n",
       "      <th>router_2</th>\n",
       "      <th>router_3</th>\n",
       "      <th>router_4</th>\n",
       "      <th>router_5</th>\n",
       "      <th>router_6</th>\n",
       "      <th>router_7</th>\n",
       "      <th>router_8</th>\n",
       "      <th>router_9</th>\n",
       "      <th>router_10</th>\n",
       "      <th>router_11</th>\n",
       "      <th>router_12</th>\n",
       "      <th>router_13</th>\n",
       "      <th>router_14</th>\n",
       "      <th>router_15</th>\n",
       "    </tr>\n",
       "  </thead>\n",
       "  <tbody>\n",
       "    <tr>\n",
       "      <td>time</td>\n",
       "      <td>1.000000</td>\n",
       "      <td>0.048453</td>\n",
       "      <td>0.013935</td>\n",
       "      <td>-0.046965</td>\n",
       "      <td>-0.021449</td>\n",
       "      <td>-0.017506</td>\n",
       "      <td>0.025762</td>\n",
       "      <td>-0.016840</td>\n",
       "      <td>0.000311</td>\n",
       "      <td>0.012240</td>\n",
       "      <td>0.029573</td>\n",
       "      <td>-0.001497</td>\n",
       "      <td>0.005343</td>\n",
       "      <td>0.018794</td>\n",
       "      <td>0.019496</td>\n",
       "      <td>0.000030</td>\n",
       "      <td>-0.009027</td>\n",
       "      <td>-0.002346</td>\n",
       "    </tr>\n",
       "    <tr>\n",
       "      <td>target</td>\n",
       "      <td>0.048453</td>\n",
       "      <td>1.000000</td>\n",
       "      <td>0.011476</td>\n",
       "      <td>-0.016570</td>\n",
       "      <td>0.000140</td>\n",
       "      <td>0.000489</td>\n",
       "      <td>0.005633</td>\n",
       "      <td>-0.016888</td>\n",
       "      <td>-0.000336</td>\n",
       "      <td>0.001094</td>\n",
       "      <td>0.006725</td>\n",
       "      <td>-0.009808</td>\n",
       "      <td>0.000703</td>\n",
       "      <td>0.001200</td>\n",
       "      <td>0.006661</td>\n",
       "      <td>-0.000812</td>\n",
       "      <td>0.002990</td>\n",
       "      <td>0.002919</td>\n",
       "    </tr>\n",
       "    <tr>\n",
       "      <td>router_0</td>\n",
       "      <td>0.013935</td>\n",
       "      <td>0.011476</td>\n",
       "      <td>1.000000</td>\n",
       "      <td>-0.226577</td>\n",
       "      <td>-0.177506</td>\n",
       "      <td>-0.128406</td>\n",
       "      <td>-0.197980</td>\n",
       "      <td>-0.120332</td>\n",
       "      <td>-0.111081</td>\n",
       "      <td>-0.102178</td>\n",
       "      <td>-0.159730</td>\n",
       "      <td>-0.112189</td>\n",
       "      <td>-0.103362</td>\n",
       "      <td>-0.089124</td>\n",
       "      <td>-0.109522</td>\n",
       "      <td>-0.098479</td>\n",
       "      <td>-0.088337</td>\n",
       "      <td>-0.072180</td>\n",
       "    </tr>\n",
       "    <tr>\n",
       "      <td>router_1</td>\n",
       "      <td>-0.046965</td>\n",
       "      <td>-0.016570</td>\n",
       "      <td>-0.226577</td>\n",
       "      <td>1.000000</td>\n",
       "      <td>-0.122345</td>\n",
       "      <td>-0.088503</td>\n",
       "      <td>-0.136457</td>\n",
       "      <td>-0.082938</td>\n",
       "      <td>-0.076562</td>\n",
       "      <td>-0.070426</td>\n",
       "      <td>-0.110093</td>\n",
       "      <td>-0.077326</td>\n",
       "      <td>-0.071242</td>\n",
       "      <td>-0.061428</td>\n",
       "      <td>-0.075488</td>\n",
       "      <td>-0.067876</td>\n",
       "      <td>-0.060886</td>\n",
       "      <td>-0.049750</td>\n",
       "    </tr>\n",
       "    <tr>\n",
       "      <td>router_2</td>\n",
       "      <td>-0.021449</td>\n",
       "      <td>0.000140</td>\n",
       "      <td>-0.177506</td>\n",
       "      <td>-0.122345</td>\n",
       "      <td>1.000000</td>\n",
       "      <td>-0.069336</td>\n",
       "      <td>-0.106904</td>\n",
       "      <td>-0.064976</td>\n",
       "      <td>-0.059981</td>\n",
       "      <td>-0.055173</td>\n",
       "      <td>-0.086250</td>\n",
       "      <td>-0.060579</td>\n",
       "      <td>-0.055813</td>\n",
       "      <td>-0.048124</td>\n",
       "      <td>-0.059139</td>\n",
       "      <td>-0.053176</td>\n",
       "      <td>-0.047700</td>\n",
       "      <td>-0.038975</td>\n",
       "    </tr>\n",
       "    <tr>\n",
       "      <td>router_3</td>\n",
       "      <td>-0.017506</td>\n",
       "      <td>0.000489</td>\n",
       "      <td>-0.128406</td>\n",
       "      <td>-0.088503</td>\n",
       "      <td>-0.069336</td>\n",
       "      <td>1.000000</td>\n",
       "      <td>-0.077333</td>\n",
       "      <td>-0.047003</td>\n",
       "      <td>-0.043389</td>\n",
       "      <td>-0.039912</td>\n",
       "      <td>-0.062392</td>\n",
       "      <td>-0.043822</td>\n",
       "      <td>-0.040374</td>\n",
       "      <td>-0.034813</td>\n",
       "      <td>-0.042780</td>\n",
       "      <td>-0.038467</td>\n",
       "      <td>-0.034505</td>\n",
       "      <td>-0.028194</td>\n",
       "    </tr>\n",
       "    <tr>\n",
       "      <td>router_4</td>\n",
       "      <td>0.025762</td>\n",
       "      <td>0.005633</td>\n",
       "      <td>-0.197980</td>\n",
       "      <td>-0.136457</td>\n",
       "      <td>-0.106904</td>\n",
       "      <td>-0.077333</td>\n",
       "      <td>1.000000</td>\n",
       "      <td>-0.072471</td>\n",
       "      <td>-0.066899</td>\n",
       "      <td>-0.061537</td>\n",
       "      <td>-0.096198</td>\n",
       "      <td>-0.067566</td>\n",
       "      <td>-0.062250</td>\n",
       "      <td>-0.053675</td>\n",
       "      <td>-0.065960</td>\n",
       "      <td>-0.059309</td>\n",
       "      <td>-0.053202</td>\n",
       "      <td>-0.043471</td>\n",
       "    </tr>\n",
       "    <tr>\n",
       "      <td>router_5</td>\n",
       "      <td>-0.016840</td>\n",
       "      <td>-0.016888</td>\n",
       "      <td>-0.120332</td>\n",
       "      <td>-0.082938</td>\n",
       "      <td>-0.064976</td>\n",
       "      <td>-0.047003</td>\n",
       "      <td>-0.072471</td>\n",
       "      <td>1.000000</td>\n",
       "      <td>-0.040661</td>\n",
       "      <td>-0.037402</td>\n",
       "      <td>-0.058469</td>\n",
       "      <td>-0.041067</td>\n",
       "      <td>-0.037836</td>\n",
       "      <td>-0.032624</td>\n",
       "      <td>-0.040091</td>\n",
       "      <td>-0.036048</td>\n",
       "      <td>-0.032336</td>\n",
       "      <td>-0.026421</td>\n",
       "    </tr>\n",
       "    <tr>\n",
       "      <td>router_6</td>\n",
       "      <td>0.000311</td>\n",
       "      <td>-0.000336</td>\n",
       "      <td>-0.111081</td>\n",
       "      <td>-0.076562</td>\n",
       "      <td>-0.059981</td>\n",
       "      <td>-0.043389</td>\n",
       "      <td>-0.066899</td>\n",
       "      <td>-0.040661</td>\n",
       "      <td>1.000000</td>\n",
       "      <td>-0.034527</td>\n",
       "      <td>-0.053974</td>\n",
       "      <td>-0.037909</td>\n",
       "      <td>-0.034927</td>\n",
       "      <td>-0.030116</td>\n",
       "      <td>-0.037008</td>\n",
       "      <td>-0.033277</td>\n",
       "      <td>-0.029850</td>\n",
       "      <td>-0.024390</td>\n",
       "    </tr>\n",
       "    <tr>\n",
       "      <td>router_7</td>\n",
       "      <td>0.012240</td>\n",
       "      <td>0.001094</td>\n",
       "      <td>-0.102178</td>\n",
       "      <td>-0.070426</td>\n",
       "      <td>-0.055173</td>\n",
       "      <td>-0.039912</td>\n",
       "      <td>-0.061537</td>\n",
       "      <td>-0.037402</td>\n",
       "      <td>-0.034527</td>\n",
       "      <td>1.000000</td>\n",
       "      <td>-0.049648</td>\n",
       "      <td>-0.034871</td>\n",
       "      <td>-0.032128</td>\n",
       "      <td>-0.027702</td>\n",
       "      <td>-0.034042</td>\n",
       "      <td>-0.030610</td>\n",
       "      <td>-0.027458</td>\n",
       "      <td>-0.022435</td>\n",
       "    </tr>\n",
       "    <tr>\n",
       "      <td>router_8</td>\n",
       "      <td>0.029573</td>\n",
       "      <td>0.006725</td>\n",
       "      <td>-0.159730</td>\n",
       "      <td>-0.110093</td>\n",
       "      <td>-0.086250</td>\n",
       "      <td>-0.062392</td>\n",
       "      <td>-0.096198</td>\n",
       "      <td>-0.058469</td>\n",
       "      <td>-0.053974</td>\n",
       "      <td>-0.049648</td>\n",
       "      <td>1.000000</td>\n",
       "      <td>-0.054512</td>\n",
       "      <td>-0.050223</td>\n",
       "      <td>-0.043305</td>\n",
       "      <td>-0.053216</td>\n",
       "      <td>-0.047851</td>\n",
       "      <td>-0.042923</td>\n",
       "      <td>-0.035072</td>\n",
       "    </tr>\n",
       "    <tr>\n",
       "      <td>router_9</td>\n",
       "      <td>-0.001497</td>\n",
       "      <td>-0.009808</td>\n",
       "      <td>-0.112189</td>\n",
       "      <td>-0.077326</td>\n",
       "      <td>-0.060579</td>\n",
       "      <td>-0.043822</td>\n",
       "      <td>-0.067566</td>\n",
       "      <td>-0.041067</td>\n",
       "      <td>-0.037909</td>\n",
       "      <td>-0.034871</td>\n",
       "      <td>-0.054512</td>\n",
       "      <td>1.000000</td>\n",
       "      <td>-0.035275</td>\n",
       "      <td>-0.030416</td>\n",
       "      <td>-0.037377</td>\n",
       "      <td>-0.033609</td>\n",
       "      <td>-0.030148</td>\n",
       "      <td>-0.024633</td>\n",
       "    </tr>\n",
       "    <tr>\n",
       "      <td>router_10</td>\n",
       "      <td>0.005343</td>\n",
       "      <td>0.000703</td>\n",
       "      <td>-0.103362</td>\n",
       "      <td>-0.071242</td>\n",
       "      <td>-0.055813</td>\n",
       "      <td>-0.040374</td>\n",
       "      <td>-0.062250</td>\n",
       "      <td>-0.037836</td>\n",
       "      <td>-0.034927</td>\n",
       "      <td>-0.032128</td>\n",
       "      <td>-0.050223</td>\n",
       "      <td>-0.035275</td>\n",
       "      <td>1.000000</td>\n",
       "      <td>-0.028023</td>\n",
       "      <td>-0.034437</td>\n",
       "      <td>-0.030964</td>\n",
       "      <td>-0.027776</td>\n",
       "      <td>-0.022695</td>\n",
       "    </tr>\n",
       "    <tr>\n",
       "      <td>router_11</td>\n",
       "      <td>0.018794</td>\n",
       "      <td>0.001200</td>\n",
       "      <td>-0.089124</td>\n",
       "      <td>-0.061428</td>\n",
       "      <td>-0.048124</td>\n",
       "      <td>-0.034813</td>\n",
       "      <td>-0.053675</td>\n",
       "      <td>-0.032624</td>\n",
       "      <td>-0.030116</td>\n",
       "      <td>-0.027702</td>\n",
       "      <td>-0.043305</td>\n",
       "      <td>-0.030416</td>\n",
       "      <td>-0.028023</td>\n",
       "      <td>1.000000</td>\n",
       "      <td>-0.029693</td>\n",
       "      <td>-0.026699</td>\n",
       "      <td>-0.023949</td>\n",
       "      <td>-0.019569</td>\n",
       "    </tr>\n",
       "    <tr>\n",
       "      <td>router_12</td>\n",
       "      <td>0.019496</td>\n",
       "      <td>0.006661</td>\n",
       "      <td>-0.109522</td>\n",
       "      <td>-0.075488</td>\n",
       "      <td>-0.059139</td>\n",
       "      <td>-0.042780</td>\n",
       "      <td>-0.065960</td>\n",
       "      <td>-0.040091</td>\n",
       "      <td>-0.037008</td>\n",
       "      <td>-0.034042</td>\n",
       "      <td>-0.053216</td>\n",
       "      <td>-0.037377</td>\n",
       "      <td>-0.034437</td>\n",
       "      <td>-0.029693</td>\n",
       "      <td>1.000000</td>\n",
       "      <td>-0.032810</td>\n",
       "      <td>-0.029431</td>\n",
       "      <td>-0.024048</td>\n",
       "    </tr>\n",
       "    <tr>\n",
       "      <td>router_13</td>\n",
       "      <td>0.000030</td>\n",
       "      <td>-0.000812</td>\n",
       "      <td>-0.098479</td>\n",
       "      <td>-0.067876</td>\n",
       "      <td>-0.053176</td>\n",
       "      <td>-0.038467</td>\n",
       "      <td>-0.059309</td>\n",
       "      <td>-0.036048</td>\n",
       "      <td>-0.033277</td>\n",
       "      <td>-0.030610</td>\n",
       "      <td>-0.047851</td>\n",
       "      <td>-0.033609</td>\n",
       "      <td>-0.030964</td>\n",
       "      <td>-0.026699</td>\n",
       "      <td>-0.032810</td>\n",
       "      <td>1.000000</td>\n",
       "      <td>-0.026463</td>\n",
       "      <td>-0.021623</td>\n",
       "    </tr>\n",
       "    <tr>\n",
       "      <td>router_14</td>\n",
       "      <td>-0.009027</td>\n",
       "      <td>0.002990</td>\n",
       "      <td>-0.088337</td>\n",
       "      <td>-0.060886</td>\n",
       "      <td>-0.047700</td>\n",
       "      <td>-0.034505</td>\n",
       "      <td>-0.053202</td>\n",
       "      <td>-0.032336</td>\n",
       "      <td>-0.029850</td>\n",
       "      <td>-0.027458</td>\n",
       "      <td>-0.042923</td>\n",
       "      <td>-0.030148</td>\n",
       "      <td>-0.027776</td>\n",
       "      <td>-0.023949</td>\n",
       "      <td>-0.029431</td>\n",
       "      <td>-0.026463</td>\n",
       "      <td>1.000000</td>\n",
       "      <td>-0.019396</td>\n",
       "    </tr>\n",
       "    <tr>\n",
       "      <td>router_15</td>\n",
       "      <td>-0.002346</td>\n",
       "      <td>0.002919</td>\n",
       "      <td>-0.072180</td>\n",
       "      <td>-0.049750</td>\n",
       "      <td>-0.038975</td>\n",
       "      <td>-0.028194</td>\n",
       "      <td>-0.043471</td>\n",
       "      <td>-0.026421</td>\n",
       "      <td>-0.024390</td>\n",
       "      <td>-0.022435</td>\n",
       "      <td>-0.035072</td>\n",
       "      <td>-0.024633</td>\n",
       "      <td>-0.022695</td>\n",
       "      <td>-0.019569</td>\n",
       "      <td>-0.024048</td>\n",
       "      <td>-0.021623</td>\n",
       "      <td>-0.019396</td>\n",
       "      <td>1.000000</td>\n",
       "    </tr>\n",
       "  </tbody>\n",
       "</table>\n",
       "</div>"
      ],
      "text/plain": [
       "               time    target  router_0  router_1  router_2  router_3  \\\n",
       "time       1.000000  0.048453  0.013935 -0.046965 -0.021449 -0.017506   \n",
       "target     0.048453  1.000000  0.011476 -0.016570  0.000140  0.000489   \n",
       "router_0   0.013935  0.011476  1.000000 -0.226577 -0.177506 -0.128406   \n",
       "router_1  -0.046965 -0.016570 -0.226577  1.000000 -0.122345 -0.088503   \n",
       "router_2  -0.021449  0.000140 -0.177506 -0.122345  1.000000 -0.069336   \n",
       "router_3  -0.017506  0.000489 -0.128406 -0.088503 -0.069336  1.000000   \n",
       "router_4   0.025762  0.005633 -0.197980 -0.136457 -0.106904 -0.077333   \n",
       "router_5  -0.016840 -0.016888 -0.120332 -0.082938 -0.064976 -0.047003   \n",
       "router_6   0.000311 -0.000336 -0.111081 -0.076562 -0.059981 -0.043389   \n",
       "router_7   0.012240  0.001094 -0.102178 -0.070426 -0.055173 -0.039912   \n",
       "router_8   0.029573  0.006725 -0.159730 -0.110093 -0.086250 -0.062392   \n",
       "router_9  -0.001497 -0.009808 -0.112189 -0.077326 -0.060579 -0.043822   \n",
       "router_10  0.005343  0.000703 -0.103362 -0.071242 -0.055813 -0.040374   \n",
       "router_11  0.018794  0.001200 -0.089124 -0.061428 -0.048124 -0.034813   \n",
       "router_12  0.019496  0.006661 -0.109522 -0.075488 -0.059139 -0.042780   \n",
       "router_13  0.000030 -0.000812 -0.098479 -0.067876 -0.053176 -0.038467   \n",
       "router_14 -0.009027  0.002990 -0.088337 -0.060886 -0.047700 -0.034505   \n",
       "router_15 -0.002346  0.002919 -0.072180 -0.049750 -0.038975 -0.028194   \n",
       "\n",
       "           router_4  router_5  router_6  router_7  router_8  router_9  \\\n",
       "time       0.025762 -0.016840  0.000311  0.012240  0.029573 -0.001497   \n",
       "target     0.005633 -0.016888 -0.000336  0.001094  0.006725 -0.009808   \n",
       "router_0  -0.197980 -0.120332 -0.111081 -0.102178 -0.159730 -0.112189   \n",
       "router_1  -0.136457 -0.082938 -0.076562 -0.070426 -0.110093 -0.077326   \n",
       "router_2  -0.106904 -0.064976 -0.059981 -0.055173 -0.086250 -0.060579   \n",
       "router_3  -0.077333 -0.047003 -0.043389 -0.039912 -0.062392 -0.043822   \n",
       "router_4   1.000000 -0.072471 -0.066899 -0.061537 -0.096198 -0.067566   \n",
       "router_5  -0.072471  1.000000 -0.040661 -0.037402 -0.058469 -0.041067   \n",
       "router_6  -0.066899 -0.040661  1.000000 -0.034527 -0.053974 -0.037909   \n",
       "router_7  -0.061537 -0.037402 -0.034527  1.000000 -0.049648 -0.034871   \n",
       "router_8  -0.096198 -0.058469 -0.053974 -0.049648  1.000000 -0.054512   \n",
       "router_9  -0.067566 -0.041067 -0.037909 -0.034871 -0.054512  1.000000   \n",
       "router_10 -0.062250 -0.037836 -0.034927 -0.032128 -0.050223 -0.035275   \n",
       "router_11 -0.053675 -0.032624 -0.030116 -0.027702 -0.043305 -0.030416   \n",
       "router_12 -0.065960 -0.040091 -0.037008 -0.034042 -0.053216 -0.037377   \n",
       "router_13 -0.059309 -0.036048 -0.033277 -0.030610 -0.047851 -0.033609   \n",
       "router_14 -0.053202 -0.032336 -0.029850 -0.027458 -0.042923 -0.030148   \n",
       "router_15 -0.043471 -0.026421 -0.024390 -0.022435 -0.035072 -0.024633   \n",
       "\n",
       "           router_10  router_11  router_12  router_13  router_14  router_15  \n",
       "time        0.005343   0.018794   0.019496   0.000030  -0.009027  -0.002346  \n",
       "target      0.000703   0.001200   0.006661  -0.000812   0.002990   0.002919  \n",
       "router_0   -0.103362  -0.089124  -0.109522  -0.098479  -0.088337  -0.072180  \n",
       "router_1   -0.071242  -0.061428  -0.075488  -0.067876  -0.060886  -0.049750  \n",
       "router_2   -0.055813  -0.048124  -0.059139  -0.053176  -0.047700  -0.038975  \n",
       "router_3   -0.040374  -0.034813  -0.042780  -0.038467  -0.034505  -0.028194  \n",
       "router_4   -0.062250  -0.053675  -0.065960  -0.059309  -0.053202  -0.043471  \n",
       "router_5   -0.037836  -0.032624  -0.040091  -0.036048  -0.032336  -0.026421  \n",
       "router_6   -0.034927  -0.030116  -0.037008  -0.033277  -0.029850  -0.024390  \n",
       "router_7   -0.032128  -0.027702  -0.034042  -0.030610  -0.027458  -0.022435  \n",
       "router_8   -0.050223  -0.043305  -0.053216  -0.047851  -0.042923  -0.035072  \n",
       "router_9   -0.035275  -0.030416  -0.037377  -0.033609  -0.030148  -0.024633  \n",
       "router_10   1.000000  -0.028023  -0.034437  -0.030964  -0.027776  -0.022695  \n",
       "router_11  -0.028023   1.000000  -0.029693  -0.026699  -0.023949  -0.019569  \n",
       "router_12  -0.034437  -0.029693   1.000000  -0.032810  -0.029431  -0.024048  \n",
       "router_13  -0.030964  -0.026699  -0.032810   1.000000  -0.026463  -0.021623  \n",
       "router_14  -0.027776  -0.023949  -0.029431  -0.026463   1.000000  -0.019396  \n",
       "router_15  -0.022695  -0.019569  -0.024048  -0.021623  -0.019396   1.000000  "
      ]
     },
     "execution_count": 17,
     "metadata": {},
     "output_type": "execute_result"
    }
   ],
   "source": [
    "df.corr()"
   ]
  },
  {
   "cell_type": "code",
   "execution_count": 18,
   "metadata": {},
   "outputs": [
    {
     "data": {
